0 0.522881 0.399892 0.130112 0.286364
0 0.655347 0.397186 0.123868 0.278300
0 0.790222 0.401245 0.121387 0.286932
0 0.521676 0.700216 0.120479 0.265048
0 0.654745 0.701569 0.126129 0.277415
0 0.790222 0.704275 0.122146 0.277415
1 0.521074 0.122565 0.122652 0.230114
1 0.254335 0.701569 0.130112 0.283381
1 0.388608 0.700216 0.126129 0.274432
2 0.215800 0.932900 0.050578 0.086580
2 0.287452 0.932900 0.051782 0.086580
2 0.619822 0.178030 0.054191 0.097403
2 0.821532 0.179383 0.055395 0.105519
2 0.755901 0.044102 0.051782 0.067641
2 0.353083 0.930195 0.055395 0.081169
3 0.689668 0.923701 0.075867 0.149351
3 0.757707 0.925054 0.077071 0.146645
3 0.758309 0.178030 0.078276 0.167749
4 0.688463 0.176677 0.061416 0.137987
