10 0.403800 0.307074 0.060125 0.133976
10 0.408009 0.459807 0.056518 0.139335
10 0.469937 0.453108 0.062530 0.125938
10 0.406806 0.608521 0.058923 0.131297
10 0.402597 0.761254 0.060125 0.131297
10 0.507816 0.609861 0.056518 0.128617
10 0.507816 0.759914 0.058923 0.128617
10 0.571549 0.613880 0.058923 0.125938
10 0.570346 0.767953 0.066138 0.128617
10 0.573353 0.382101 0.050505 0.123258
10 0.644300 0.391479 0.060125 0.125938
10 0.711039 0.382101 0.054113 0.128617
10 0.673160 0.596463 0.057720 0.107181
10 0.674964 0.753215 0.056518 0.115220
10 0.739298 0.751876 0.050505 0.107181
10 0.674363 0.900589 0.057720 0.120579
10 0.502405 0.151661 0.050505 0.123258
10 0.709235 0.088692 0.057720 0.136656
10 0.941919 0.312433 0.061328 0.139335
