11 0.704278 0.091372 0.067292 0.136656
11 0.640591 0.390139 0.062485 0.133976
11 0.574501 0.387460 0.064888 0.133976
11 0.507210 0.162379 0.064888 0.139335
11 0.405071 0.304394 0.062485 0.133976
11 0.403869 0.465166 0.064888 0.139335
11 0.402668 0.616559 0.055275 0.125938
11 0.403268 0.759914 0.058880 0.123258
11 0.477770 0.458467 0.051670 0.115220
11 0.506008 0.616559 0.055275 0.115220
11 0.505407 0.769293 0.066090 0.125938
11 0.572699 0.609861 0.049267 0.112540
11 0.573300 0.758574 0.060082 0.120579
11 0.673035 0.612540 0.060082 0.139335
11 0.671233 0.763934 0.054074 0.115220
11 0.738524 0.758574 0.054074 0.115220
11 0.672435 0.905949 0.056477 0.115220
11 0.939197 0.312433 0.061283 0.150054
11 0.707282 0.388800 0.054074 0.125938
