13 0.504206 0.161085 0.058880 0.140883
13 0.403869 0.307283 0.060082 0.130250
13 0.406273 0.452153 0.052872 0.127592
13 0.472362 0.453482 0.052872 0.119617
13 0.405071 0.615630 0.055275 0.119617
13 0.411079 0.757842 0.057678 0.111643
13 0.507210 0.608985 0.055275 0.111643
13 0.507210 0.745880 0.048065 0.108985
13 0.575102 0.755183 0.061283 0.111643
13 0.672435 0.759171 0.056477 0.119617
13 0.739726 0.755183 0.054074 0.116959
13 0.677842 0.906699 0.057678 0.122275
13 0.572098 0.384370 0.043259 0.108985
13 0.638789 0.383041 0.051670 0.116959
13 0.710286 0.389686 0.062485 0.130250
13 0.674838 0.615630 0.066090 0.140883
13 0.569094 0.601010 0.056477 0.116959
13 0.710286 0.089314 0.060082 0.146199
13 0.936794 0.308612 0.058880 0.148857
