3 0.237605 0.226454 0.057228 0.139455
3 0.304573 0.226454 0.054793 0.118000
3 0.440946 0.227794 0.069404 0.158228
3 0.569404 0.231817 0.068186 0.150182
3 0.506697 0.383340 0.069404 0.142137
3 0.771527 0.375295 0.073057 0.147501
3 0.771527 0.667614 0.068186 0.147501
3 0.238822 0.376636 0.069404 0.128728
2 0.506697 0.231817 0.071839 0.144819
4 0.706994 0.372613 0.058445 0.126046
4 0.840322 0.377977 0.054793 0.142137
4 0.703950 0.664932 0.057228 0.131410
4 0.304573 0.377977 0.057228 0.120682
4 0.370324 0.369931 0.064533 0.136773
4 0.369107 0.223772 0.059663 0.134091
4 0.438511 0.379318 0.052357 0.123364
4 0.571839 0.379318 0.053575 0.118000
2 0.638808 0.376636 0.058445 0.118000
2 0.669248 0.518773 0.056010 0.134091
2 0.772745 0.528159 0.060881 0.120682
2 0.837278 0.524136 0.056010 0.096546
2 0.637091 0.671637 0.059444 0.118000
2 0.836061 0.667614 0.051140 0.120682
1 0.537746 0.591182 0.119326 0.246728
0 0.806838 0.874115 0.114455 0.238683
0 0.672901 0.871433 0.116891 0.233319
