0 0.325328 0.761752 0.092188 0.197650
0 0.327147 0.522703 0.095827 0.205662
0 0.434498 0.532051 0.092188 0.186966
0 0.538210 0.533387 0.090975 0.205662
0 0.431465 0.759081 0.095827 0.186966
0 0.539423 0.757746 0.088549 0.178953
1 0.328360 0.291667 0.090975 0.192308
1 0.220403 0.755075 0.088549 0.178953
1 0.114871 0.759081 0.086123 0.186966
2 0.085153 0.931357 0.036390 0.072115
2 0.140951 0.932692 0.041242 0.074786
2 0.198569 0.934028 0.049733 0.082799
2 0.248908 0.936699 0.038816 0.077457
2 0.302280 0.936699 0.038816 0.072115
2 0.342916 0.935363 0.025473 0.074786
2 0.296822 0.116720 0.042455 0.077457
2 0.404779 0.118056 0.040029 0.096154
2 0.511524 0.120726 0.042455 0.085470
2 0.509098 0.240919 0.044881 0.096154
2 0.563076 0.240919 0.043668 0.080128
2 0.564289 0.355769 0.050946 0.096154
2 0.405386 0.350427 0.036390 0.085470
2 0.432678 0.240919 0.054585 0.106838
4 0.243450 0.119391 0.049481 0.097175
4 0.353833 0.122062 0.044132 0.108954
4 0.455725 0.124733 0.048656 0.087657
4 0.566109 0.128739 0.045707 0.110383
