4 0.437640 0.180559 0.043172 0.089715
4 0.392070 0.285227 0.040774 0.097871
4 0.440638 0.285227 0.034778 0.081559
4 0.483211 0.282508 0.035977 0.081559
4 0.667892 0.281149 0.040774 0.084278
4 0.760232 0.286586 0.038375 0.095153
4 0.669091 0.494563 0.045571 0.097871
2 0.344700 0.179200 0.037176 0.086997
2 0.344700 0.282508 0.039575 0.081559
2 0.391470 0.177840 0.037176 0.078841
2 0.483211 0.177840 0.035977 0.078841
2 0.530580 0.181918 0.037176 0.076122
2 0.528182 0.285227 0.034778 0.070685
2 0.574952 0.183278 0.032379 0.073403
2 0.621722 0.290664 0.031480 0.079928
2 0.714662 0.285227 0.038375 0.081559
4 0.575551 0.290664 0.031180 0.076122
2 0.643907 0.388535 0.038375 0.076122
2 0.620522 0.494563 0.038342 0.095914
2 0.715861 0.388535 0.043172 0.092434
2 0.760832 0.393973 0.041973 0.086997
2 0.759633 0.498641 0.039575 0.095153
1 0.553965 0.442908 0.088743 0.195743
1 0.368685 0.823519 0.082747 0.141370
1 0.461625 0.814004 0.086344 0.100590
0 0.553366 0.649526 0.082747 0.190305
0 0.649903 0.659041 0.088743 0.187587
0 0.739846 0.653604 0.083946 0.182149
0 0.738646 0.852065 0.091141 0.193024
0 0.646306 0.815363 0.081547 0.125058
0 0.552766 0.809926 0.083946 0.097871
