0 0.367812 0.569659 0.079191 0.170279
0 0.455531 0.568369 0.081628 0.167699
0 0.538986 0.570949 0.082846 0.162539
0 0.535941 0.746388 0.081628 0.167699
0 0.450049 0.752838 0.077973 0.170279
0 0.362939 0.757998 0.081628 0.180599
1 0.362939 0.374871 0.086501 0.178019
1 0.278265 0.747678 0.082846 0.175439
1 0.189937 0.746388 0.084064 0.178019
2 0.344055 0.150413 0.038986 0.079979
2 0.342227 0.235552 0.037768 0.085139
2 0.431774 0.243292 0.036550 0.085139
2 0.517057 0.243292 0.041423 0.085139
2 0.453095 0.333591 0.035331 0.090299
2 0.518275 0.333591 0.041423 0.090299
2 0.562135 0.332301 0.038986 0.082559
2 0.561525 0.423891 0.037768 0.090299
2 0.428728 0.423891 0.040205 0.069659
4 0.473197 0.430341 0.043860 0.077399
4 0.213694 0.245872 0.036550 0.074819
4 0.256335 0.240712 0.038986 0.074819
4 0.302022 0.242002 0.032895 0.067079
2 0.166179 0.889577 0.043860 0.087719
2 0.211257 0.889577 0.043860 0.072239
2 0.256335 0.890867 0.048733 0.074819
2 0.300804 0.890867 0.040205 0.090299
