4 0.359903 0.137857 0.033816 0.083468
4 0.324275 0.219978 0.032609 0.070005
4 0.360507 0.218632 0.035024 0.061928
4 0.395531 0.214593 0.030193 0.059235
4 0.467995 0.214593 0.030193 0.059235
4 0.541063 0.215940 0.036232 0.078083
4 0.612319 0.214593 0.031401 0.075390
4 0.537440 0.377491 0.031401 0.072698
4 0.541667 0.780022 0.030193 0.070005
4 0.573671 0.777329 0.031401 0.064620
2 0.286836 0.135164 0.035024 0.078083
2 0.324879 0.139203 0.031401 0.070005
2 0.290006 0.218026 0.043176 0.071486
2 0.396135 0.139203 0.031401 0.075390
2 0.432367 0.139203 0.031401 0.070005
2 0.466184 0.144588 0.031401 0.064620
2 0.430556 0.219978 0.035024 0.064620
2 0.506039 0.222671 0.031401 0.064620
2 0.574879 0.214593 0.031401 0.080775
2 0.518720 0.302100 0.030193 0.067313
2 0.574879 0.296715 0.031401 0.061928
2 0.610507 0.302100 0.030193 0.067313
2 0.609903 0.381529 0.028986 0.070005
2 0.288043 0.775983 0.032609 0.061928
2 0.326087 0.781368 0.028986 0.056543
2 0.361715 0.777329 0.027778 0.059235
2 0.397947 0.778675 0.027778 0.056543
2 0.431763 0.777329 0.030193 0.064620
2 0.467391 0.775983 0.031401 0.061928
2 0.504831 0.780022 0.031401 0.059235
1 0.308575 0.665590 0.068841 0.153473
1 0.380435 0.658858 0.067633 0.150781
1 0.451087 0.333872 0.066425 0.141626
0 0.450483 0.500000 0.067633 0.156166
0 0.524758 0.502693 0.068841 0.156166
0 0.594203 0.504039 0.067633 0.158858
0 0.450483 0.665590 0.070048 0.153473
0 0.525362 0.658858 0.067633 0.150781
0 0.592995 0.657512 0.074879 0.153473
